   3.8461538461538462E-004   66.685468893507220     
   7.6923076923076923E-004   133.34528952974770     
   1.1538461538461537E-003   199.97947177343579     
   1.5384615384615385E-003   266.58802548549170     
   1.9230769230769232E-003   333.17096052304294     
   2.3076923076923079E-003   399.72828673942593     
   2.6923076923076926E-003   466.26001398418720     
   3.0769230769230774E-003   532.76615210308057     
   3.4615384615384621E-003   599.24671093482903     
   3.8461538461538468E-003   665.70169924758954     
   4.2307692307692315E-003   732.13093563780944     
   4.6153846153846158E-003   798.51362753395370     
   5.0000000000000001E-003   860.70702744617086     
