   3.8461538461538462E-004   66.685468893507220     
   7.6923076923076923E-004   133.37093778701444     
   1.1538461538461537E-003   200.05640668052166     
   1.5384615384615385E-003   266.74187557402888     
   1.9230769230769232E-003   333.42734446753610     
   2.3076923076923079E-003   400.11281336104332     
   2.6923076923076926E-003   466.79828225455054     
   3.0769230769230774E-003   533.48375114805322     
   3.4615384615384621E-003   600.16922003828677     
   3.8461538461538468E-003   666.85468784916611     
   4.2307692307692315E-003   733.53996212572861     
   4.6153846153846158E-003   800.20409357151038     
   5.0000000000000001E-003   862.71378806588723     
